Eva Butterly F 47.4 52 40 50 60 -30 -30 30 105 110 115
Mairead Murphy F 52.2 57 90 97.5 -100 -52.5 -52.5 52.5 127.5 130 132.5
Claire Tierney F 46 47 95 97.5 100 45 47.5 -50 115 120 125
Dawn Steacy F 51 52 107.5 112.5 -115 -67.5 67.5 70 132.5 137.5 142.5
Aoife McCarthy F 50.8 52 105 110 -112.5 60 -65 -65 135 142.5 147.5
Gemma Davey F 51.2 52 90 -95 -95 57.5 60 -62.5 120 130 -135
Anna Dean F 50.6 52 87.5 95 97.5 50 52.5 -55 95 102.5 107.5
Jenny Wilson F 56.2 57 87.5 97.5 102.5 52.5 57.5 60 140 150 160
Karen Keatinge F 56.4 57 92.5 100 105 57.5 62.5 65 122.5 130 135
Rachael Kirwan F 55.8 57 72.5 77.5 80 55 -60 -60 105 112.5 117.5
Lynda Daly F 54.6 57 70 77.5 82.5 37.5 40 -42.5 117.5 125 -130
Martina Hanniffy F 55.4 57 82.5 90 92.5 -42.5 42.5 -45 102.5 107.5 110
Gabrielle Ervine F 62.8 63 140 145 -150 90 95 97.5 147.5 157.5 162.5
Michaela Leonard F 60.8 63 125 -132.5 132.5 72.5 -77.5 77.5 -170 175 182.5
Geina McGrath F 62.4 63 122.5 130 135 70 75 77.5 150 160 167.5
Tara Maguire F 62.6 63 145 150 -152.5 70 72.5 75 142.5 147.5 -152.5
Aviva Walsh F 60.4 63 115 120 -125 75 80 82.5 -155 -160 160
Noreen McDermott F 60.2 63 112.5 -117.5 117.5 70 75 77.5 135 145 155
Lucia Hughes F 61.4 63 120 127.5 132.5 57.5 62.5 67.5 130 140 150
Laura Buckley F 62.4 63 97.5 102.5 107.5 65 70 -75 -140 145 150
Holly O'Reilly F 61.2 63 100 102.5 107.5 50 -52.5 -52.5 140 -145 145
Karen McDonnell F 59.8 63 97.5 102.5 107.5 45 47.5 50 117.5 122.5 130
Emma McDermott F 70.8 72 135 142.5 -147.5 75 80 0 175 185 190
Lesley Shinnick F 71.4 72 155 160 -162.5 75 -80 80 160 170 -180
Grace Tedford F 71 72 125 -132.5 137.5 67.5 -72.5 72.5 155 162.5 167.5
Danielle Gault F 70.4 72 115 122.5 127.5 70 75 -77.5 142.5 152.5 160
Gemma Markey F 70.2 72 130 137.5 142.5 62.5 67.5 -70 125 -135 135
Oonagh Morrissy F 69.2 72 105 112.5 -115 72.5 77.5 -80 137.5 145 -150
Angela O'Connor F 69.8 72 120 -127.5 127.5 65 70 -72.5 122.5 130 135
Susan Critchley F 68.6 72 107.5 112.5 115 57.5 60 62.5 130 140 142.5
Liona Hanley F 71.2 72 107.5 110 -112.5 60 62.5 -65 140 145 -147.5
Maeve Mannion F 71.4 72 110 120 125 55 60 -62.5 110 125 132.5
Carol Lennon F 70.4 72 -115 115 120 50 52.5 55 125 135 -140
Genevieve Huskens F 69.2 72 -87.5 90 95 47.5 -52.5 52.5 110 117.5 125
Niamh Delaney F 69 72 80 85 90 -40 42.5 47.5 107.5 117.5 125
Hannah Treanor F 70.2 72 80 85 90 -47.5 50 -52.5 110 117.5 -120
Mairead Fitzpatrick F 69.2 72 97.5 -105 -105 0 0 0 0 0 0
Charleen Coen F 69.4 72 102.5 110 112.5 42.5 45 -47.5 -140 -150 -150
Maeve Cummins F 79.6 84 120 127.5 135 65 67.5 70 167.5 180 -190
Nicole Craig F 83.6 84 115 125 -132.5 62.5 -67.5 67.5 160 172.5 180
Margaret Carey F 82.8 84 120 127.5 135 65 70 72.5 130 140 145
Leigh Porter F 72.4 84 130 -140 -140 -55 57.5 -62.5 140 147.5 150
Joanne Greene F 81 84 120 125 127.5 60 65 70 125 132.5 137.5
Fidelma Gilligan F 80 84 -105 -105 -105 -60 -65 65 120 125 130
Sinead Marley F 101.6 84+ 155 160 165 75 80 82.5 155 165 172.5
Hannah McKee F 133.5 84+ 132.5 142.5 152.5 75 80 85 142.5 152.5 160
Donna Ivie F 106.4 84+ 150 -157.5 157.5 75 82.5 -87.5 150 155 -160
Tracey Kelly F 120.6 84+ 125 132.5 -140 70 75 -77.5 152.5 162.5 170
Niamh Doyle F 97.2 84+ 122.5 127.5 137.5 57.5 62.5 67.5 130 137.5 145
Cliona O'Driscoll F 90.8 84+ 137.5 -142.5 142.5 40 45 0 140 147.5 150
Sarah May-Hamilton F 117.2 84+ 115 120 -125 65 70 72.5 125 132.5 135
Ben Harrison M 123.4 120+ 210 217.5 222.5 160 165 -167.5 220 230 237.5
Darren Moloney M 73.2 74 205 212.5 220 -105 112.5 117.5 240 250 260
Eesa Alshuaib M 72.8 74 187.5 197.5 200 157.5 163 168 200 215 227.5
Tommy Hourigan M 72.4 74 180 190 -200 112.5 117.5 122.5 230 240 -247.5
James Coogan M 72.4 74 172.5 185 -200 110 115 117.5 207.5 217.5 225
Michael Burke M 73.6 74 157.5 167.5 172.5 112.5 120 -122.5 197.5 210 -222.5
Peter Green M 71 74 155 165 -175 90 -105 -105 210 220 -230
Brian Lynch M 72.8 74 142.5 150 157.5 92.5 95 100 160 170 185
Michael Kiely M 81.6 83 202.5 215 -225 130 137.5 140 250 265 275
Conor Nolan M 79.6 83 195 207.5 -215 135 -145 -145 235 250 -257.5
Ryan Lee M 81.8 83 180 195 202.5 127.5 135 140 225 240 250
Benny Gilligan M 81.6 83 220 -230 -230 -130 130 -137.5 230 240 -250
Jackie Doherty M 81.8 83 190 200 205 105 110 112.5 230 240 -245
Patrick Jennings M 81.6 83 185 -195 -195 120 125 -130 245 -255 -255
Adam Joy M 80.8 83 185 195 200 115 122.5 127.5 205 215 -222.5
Bobby Leask M 78.2 83 162.5 175 190 100 107.5 -115 190 205 215
Andrew Ryan M 80.2 83 170 185 -190 95 100 -105 190 202.5 -215
Kevin Croughan M 81.8 83 137.5 147.5 160 100 107.5 115 165 175 200
Graham Jack M 79.8 83 -150 160 170 97.5 -102.5 105 170 182.5 190
James Fox M 79.2 83 130 140 150 85 90 95 165 175 190
Luke Fitzgerald M 81.2 83 132.5 145 152.5 -95 95 105 150 160 165
Marc Stanley M 79.6 83 157.5 162.5 -167.5 90 -92.5 -92.5 145 152.5 160
Arthur Lynch M 90.4 93 245 257.5 -265 172.5 180 -182.5 280 -300 0
Stephen Cusack M 93 93 202.5 215 220 125 132.5 135 260 -275 282.5
Adam Santorelli M 87 93 205 215 222.5 152.5 160 162.5 235 250 -257.5
Shane Storey M 88.2 93 200 210 220 135 142.5 -145 245 257.5 265
Warren Yelverton M 92.2 93 190 197.5 202.5 145 152.5 -157.5 225 245 -255
Kevin Bowers M 88.4 93 180 190 -200 130 -135 -135 240 250 265
Dan Hurley M 92.4 93 195 210 -220 117.5 122.5 125 -225 237.5 -245
Ivars Zemvalds M 92.4 93 182.5 195 200 112.5 117.5 122.5 185 197.5 202.5
Sean Keyes M 91.4 93 170 180 190 95 102.5 107.5 195 -205 205
Shane Hannan M 90.2 93 150 162.5 170 85 90 95 185 195 202.5
Gary Daly M 87.6 93 -140 145 155 105 107.5 110 165 180 187.5
Eric Killeen M 88.4 93 137.5 145 152.5 102.5 110 115 157.5 167.5 180
Paul Murphy M 85.6 93 130 135 140 95 100 102.5 157.5 165 167.5
Luke Curran M 104 105 242.5 255 265 147.5 155 157.5 260 275 -285
Ian Benson M 104 105 227.5 237.5 242.5 147.5 155 160 270 280 -285
Christopher Dean M 100 105 250 265 275 122.5 130 -135 245 255 267.5
Andrew McCartney M 102.6 105 230 245 252.5 137.5 142.5 147.5 230 250 262.5
Danny Mcilhagga M 101.8 105 220 230 240 122.5 127.5 -130 250 270 280
Darren Bennett M 102.8 105 210 225 235 120 127.5 -135 230 250 270
Les Hogan M 103.4 105 200 210 215 135 140 145 260 270 -280
Gary O'Connor M 101.4 105 215 227.5 -232.5 130 135 -140 240 250 255
Stephen Manning M 97.4 105 205 215 220 120 125 130 235 250 262.5
Thomas Faherty M 105 105 185 205 220 -120 120 130 220 240 260
Stephen Shine M 104.2 105 220 225 -230 130 137.5 -140 200 210 220
Owen Murphy M 101.6 105 195 202.5 -207.5 120 125 -130 230 242.5 250
Robin Martinjak M 94.8 105 175 180 185 120 127.5 -130 215 225 235
Kevin Barry M 99.6 105 182.5 190 200 112.5 -120 -120 210 220 227.5
Eoghan O'Connor M 98.6 105 172.5 185 190 110 -115 115 205 215 225
John O'Neill M 100.4 105 160 170 180 115 120 127.5 200 210 220
Gary Williamson M 100.6 105 180 192.5 200 120 122.5 -125 180 195 205
Jamie Cuddy M 101.4 105 -150 150 155 112.5 115 120 200 210 225
Marc Keys M 118.2 120 240 255 265 180 0 0 260 280 -290
Donal O'Brien M 111.2 120 235 -245 245 145 152.5 -160 250 260 -267.5
Tom Daly M 111.2 120 200 210 222.5 150 160 162.5 250 260 -272.5
Noel Kelly M 110.2 120 200 210 220 140 142.5 145 210 220 230
Conor O'Shea M 119.6 120 190 200 207.5 100 107.5 -110 190 -205 205
Padraig Tansey M 118.4 120 165 172.5 -180 70 -80 80 175 185 -195
Derrie Sutton M 113 120 255 270 -277.5 -130 -132.5 -132.5 285 300 -307.5
Kevin Letford M 126 120+ 220 230 240 120 127.5 132.5 220 230 240
Adam Glennon M 124.4 120+ 200 220 227.5 115 125 127.5 225 245 -255